1st model -> one conv, 1 sector, dropout layer, Adam optimizer, no class weights 

Accuracy: 0.8718779743446463
              precision    recall  f1-score   support

           0       0.79      0.82      0.80     40363
           1       0.74      0.87      0.80     44704
           2       0.95      0.94      0.94     40072
           3       0.99      0.98      0.98     41112
           4       0.97      0.94      0.95     39154
           5       0.93      0.92      0.93     36606
           6       0.97      0.95      0.96     39937
           7       0.96      0.98      0.97     41893
           8       0.98      0.93      0.95     39579
           9       0.93      0.94      0.93     39533
           A       0.93      0.97      0.95      7469
           B       0.84      0.95      0.89      4526
           C       0.82      0.91      0.86     11833
           D       0.78      0.91      0.84      5341
           E       0.92      0.96      0.94      5785
           F       0.87      0.94      0.90     10622
           G       0.82      0.85      0.83      2964
           H       0.88      0.96      0.92      3673
           I       0.65      0.52      0.58     13994*
           J       0.83      0.92      0.87      4388
           K       0.68      0.84      0.75      2850
           L       0.81      0.97      0.89      5886
           M       0.88      0.92      0.90     10487
           N       0.92      0.99      0.95      9588
           O       0.74      0.76      0.75     29139
           P       0.86      0.92      0.89      9744
           Q       0.82      0.93      0.87      3018
           R       0.90      0.96      0.93      5882
           S       0.85      0.90      0.87     24272
           T       0.91      0.93      0.92     11396
           U       0.85      0.88      0.86     14604
           V       0.69      0.85      0.76      5433
           W       0.84      0.88      0.86      5501
           X       0.72      0.85      0.78      3203
           Y       0.72      0.89      0.79      5541
           Z       0.68      0.76      0.71      3165 *
           a       0.92      0.87      0.90     11677
           b       0.81      0.92      0.86      6012
           c       0.65      0.45      0.53      3286 *
           d       0.95      0.97      0.96     11860
           e       0.97      0.96      0.97     28723
           f       0.78      0.52      0.62      2961 *
           g       0.65      0.52      0.58      4276 *
           h       0.95      0.95      0.95     10217
           i       0.64      0.50      0.56      3152 *
           j       0.76      0.69      0.73      2213 *
           k       0.76      0.57      0.65      2957 *
           l       0.51      0.34      0.41     17853 *
           m       0.74      0.61      0.67      3109 *
           n       0.95      0.93      0.94     13316
           o       0.34      0.10      0.16      3215 *
           p       0.70      0.54      0.61      2816 *
           q       0.52      0.39      0.45      3499 *
           r       0.95      0.95      0.95     16425 
           s       0.57      0.33      0.42      3136 *
           t       0.93      0.94      0.93     21227
           u       0.52      0.51      0.51      3312 *
           v       0.66      0.45      0.54      3378 *
           w       0.79      0.71      0.75      3164
           x       0.78      0.64      0.71      3292 *
           y       0.70      0.40      0.51      2746 *
           z       0.63      0.60      0.61      3176 *

    accuracy                           0.87    814255
   macro avg       0.80      0.79      0.79    814255
weighted avg       0.87      0.87      0.87    814255


#New model - double sector of Conv layers, SDG optimizer

Accuracy: 0.8431719792939558
              precision    recall  f1-score   support

           0       0.83      0.72      0.77     40363
           1       0.83      0.63      0.72     44704
           2       0.96      0.90      0.93     40072
           3       0.99      0.97      0.98     41112
           4       0.97      0.92      0.95     39154
           5       0.97      0.88      0.92     36606
           6       0.98      0.91      0.94     39937
           7       0.99      0.96      0.97     41893
           8       0.98      0.92      0.95     39579
           9       0.95      0.86      0.91     39533
           A       0.87      0.98      0.92      7469
           B       0.71      0.97      0.82      4526
           C       0.83      0.88      0.85     11833
           D       0.70      0.93      0.80      5341
           E       0.83      0.98      0.90      5785
           F       0.82      0.87      0.84     10622
           G       0.63      0.93      0.75      2964
           H       0.82      0.96      0.89      3673
           I       0.51      0.63      0.56     13994
           J       0.78      0.90      0.84      4388
           K       0.68      0.72      0.70      2850
           L       0.82      0.95      0.88      5886
           M       0.85      0.79      0.82     10487
           N       0.94      0.96      0.95      9588
           O       0.70      0.80      0.75     29139
           P       0.85      0.85      0.85      9744
           Q       0.67      0.95      0.79      3018
           R       0.89      0.95      0.92      5882
           S       0.82      0.91      0.86     24272
           T       0.88      0.94      0.91     11396
           U       0.86      0.82      0.84     14604
           V       0.62      0.89      0.73      5433
           W       0.72      0.91      0.81      5501
           X       0.70      0.80      0.74      3203
           Y       0.66      0.86      0.75      5541
           Z       0.54      0.79      0.64      3165
           a       0.86      0.90      0.88     11677
           b       0.68      0.94      0.79      6012
           c       0.65      0.39      0.49      3286
           d       0.94      0.96      0.95     11860
           e       0.97      0.97      0.97     28723
           f       0.53      0.45      0.48      2961
           g       0.51      0.54      0.52      4276
           h       0.94      0.93      0.93     10217
           i       0.63      0.45      0.53      3152
           j       0.75      0.65      0.69      2213
           k       0.64      0.66      0.65      2957
           l       0.40      0.55      0.46     17853
           m       0.48      0.62      0.54      3109
           n       0.94      0.92      0.93     13316
           o       0.28      0.18      0.22      3215
           p       0.56      0.52      0.54      2816
           q       0.26      0.58      0.36      3499
           r       0.97      0.93      0.95     16425
           s       0.39      0.39      0.39      3136
           t       0.93      0.89      0.91     21227
           u       0.46      0.56      0.50      3312
           v       0.70      0.29      0.41      3378
           w       0.75      0.54      0.63      3164
           x       0.74      0.64      0.68      3292
           y       0.55      0.37      0.44      2746
           z       0.49      0.62      0.55      3176

    accuracy                           0.84    814255
   macro avg       0.74      0.77      0.75    814255
weighted avg       0.86      0.84      0.85    814255


#New model - double Conv, layer sector, Adam optimizer

Accuracy: 0.8666744447378278
              precision    recall  f1-score   support

           0       0.84      0.68      0.75     40363
           1       0.74      0.83      0.78     44704
           2       0.95      0.94      0.95     40072
           3       0.99      0.98      0.99     41112
           4       0.97      0.94      0.95     39154
           5       0.95      0.93      0.94     36606
           6       0.96      0.97      0.97     39937
           7       0.98      0.98      0.98     41893
           8       0.97      0.95      0.96     39579
           9       0.94      0.94      0.94     39533
           A       0.95      0.96      0.96      7469
           B       0.85      0.97      0.91      4526
           C       0.79      0.96      0.87     11833
           D       0.88      0.88      0.88      5341
           E       0.90      0.99      0.94      5785
           F       0.84      0.91      0.87     10622
           G       0.81      0.88      0.85      2964
           H       0.88      0.96      0.92      3673
           I       0.68      0.45      0.54     13994
           J       0.88      0.86      0.87      4388
           K       0.68      0.78      0.73      2850
           L       0.83      0.95      0.89      5886
           M       0.90      0.80      0.85     10487
           N       0.95      0.96      0.96      9588
           O       0.66      0.86      0.74     29139
           P       0.84      0.93      0.89      9744
           Q       0.85      0.95      0.90      3018
           R       0.91      0.98      0.94      5882
           S       0.85      0.91      0.88     24272
           T       0.89      0.95      0.92     11396
           U       0.78      0.94      0.85     14604
           V       0.68      0.77      0.72      5433
           W       0.77      0.91      0.84      5501
           X       0.79      0.70      0.74      3203
           Y       0.75      0.82      0.78      5541
           Z       0.64      0.73      0.68      3165
           a       0.92      0.88      0.90     11677
           b       0.87      0.87      0.87      6012
           c       0.74      0.30      0.43      3286
           d       0.98      0.95      0.97     11860
           e       0.99      0.97      0.98     28723
           f       0.61      0.44      0.51      2961
           g       0.65      0.52      0.58      4276
           h       0.96      0.93      0.95     10217
           i       0.62      0.48      0.54      3152
           j       0.71      0.76      0.73      2213
           k       0.66      0.66      0.66      2957
           l       0.45      0.42      0.44     17853
           m       0.54      0.71      0.61      3109
           n       0.94      0.94      0.94     13316
           o       0.29      0.14      0.19      3215
           p       0.67      0.45      0.54      2816
           q       0.45      0.41      0.43      3499
           r       0.96      0.94      0.95     16425
           s       0.49      0.34      0.41      3136
           t       0.95      0.90      0.92     21227
           u       0.50      0.35      0.41      3312
           v       0.58      0.48      0.52      3378
           w       0.77      0.60      0.68      3164
           x       0.71      0.79      0.74      3292
           y       0.59      0.55      0.57      2746
           z       0.62      0.57      0.59      3176

    accuracy                           0.87    814255
   macro avg       0.79      0.78      0.78    814255
weighted avg       0.87      0.87      0.86    814255

